rock1,15.020918578025722,23.949669452706637,0.0,0.8564200810155072,0.9060083320645846
rock1,12.998984407495957,27.060769510547953,0.0,1.3475636049720023,0.5469276087307916
rock1,35.68425381176442,30.009035975848768,0.0,1.5816382159135856,0.5114381265000592
rock1,-1.1516988829837693,30.425399411596086,0.0,1.5679123479680113,0.5083854861047636
rock1,-31.34109213840813,-25.090996301988618,0.0,0.3294508999613105,0.8689645990716311
rock2,-4.863906178626429,-10.41142294375101,0.0,1.6134121782662474,0.9273623396148661
rock2,29.102850197729193,31.56086248453933,0.0,2.3571591475895395,0.6657548141378883
rock2,27.72845042966282,-7.000405194064445,0.0,3.0941647509494845,0.6499060867269364
rock2,38.65165097646234,38.499822079864536,0.0,1.8779985212472234,0.9393260283174425
rock2,24.630516673556315,22.40719852541926,0.0,1.409810144239548,0.7762326919599611
rock3,21.15148275400756,-14.394935048078574,0.0,2.1679017306352004,0.9896496124092169
rock3,-14.225694761106809,34.968925003240415,0.0,3.020907994155728,0.5797711608435121
rock3,10.773210322221036,-36.825328329549826,0.0,0.7457887387711839,0.8969791818318633
rock3,-38.00073402554852,-0.522452739742203,0.0,3.1100598591801925,1.066626397710653
rock3,14.446608867760169,30.07153697114684,0.0,0.8177760263574011,0.9465982867850162
rock4,3.635826683856811,-30.68261542729962,0.0,2.136193861631806,0.6643719227261569
rock4,-17.1075633872072,-9.705264207033286,0.0,1.276322033457586,1.0852854855945566
rock4,-31.520851627823596,6.596554799858767,0.0,0.9951038668233458,0.7462427564559784
rock4,-25.23115115892316,-36.11456998961045,0.0,0.33638226449249764,0.6461643622516595
rock4,-33.53213327577012,-35.14460770233663,0.0,1.5552663451442061,0.5737975160517914
rock5,-39.174619228803934,-30.9145024147805,0.0,2.204349977151916,0.6955966165749867
rock5,22.790455486199733,-5.969959183863116,0.0,0.08191465685416083,0.5006728231742069
rock5,-34.26359967885933,-38.26352811561091,0.0,3.023106113582802,0.6624338452524088
rock5,-3.101523506177788,0.8982911146531514,0.0,2.822374568967035,0.8975067923946658
rock5,18.932212381682234,-19.265074025183893,0.0,2.9543096022190434,0.6653575874479134
rock5,-23.04335241556482,23.623314251101853,0.0,0.24100757135699238,0.6290070727230352
rock1,-18.483254219818086,4.8500791135152514,0.0,0.0002661968136662664,0.6562787170809977
rock2,3.3265276214546757,0.0,0.0,1.393473334645264,0.640616798153447
rock1,7.3335156584685395,-15.99981767486479,0.0,2.39508508313834,0.5271518532349806
rock3,18.89121883475955,-27.77544783190711,0.0,0.8450787336105086,1.0514318952542647
